0
0
0.0099982
1.07409
4.11234
9.72375
14.6254
21.9319
0
0
0.0139992
0.994076
3.87531
8.42632
14.9811
22.3452
0
0
0.0140014
1.0311
3.94873
8.7177
14.5334
21.4654
0
0
0.013999
0.974076
3.8923
8.77773
14.3234
22.4837
0
0
0.0099966
1.25609
3.98837
8.79792
15.0759
22.2967
0
0
0.0099992
0.990073
3.90432
8.71192
14.8483
22.2259
0
0
0.0080012
1.01411
3.81853
8.6818
14.9005
22.0891
0
0.0020038
0.017995
0.99411
4.02735
8.61088
14.7662
22.0373
0
0
0.0120008
0.966075
3.8593
8.54675
14.5221
22.3566
0
0
0.0120016
0.988115
3.88037
8.76589
14.6677
22.3727
