0
0
0
0.0039984
0.0039996
0.004002
0.0060006
0.0099998
0
0
0
0
0.0039996
0.0040004
0.008001
0.008
0
0
0
0.0020034
0.0019996
0.0040018
0.0119996
0.0100006
0
0
0
0.002
0.003998
0.006
0.0066472
0.007356
0
0
0
0.0020006
0.0059982
0.0060018
0.0079998
0.0060022
0
0
0
0
0.0019998
0.0040002
0.0079994
0.0080006
0
0
0
0
0.0020016
0.0059976
0.0060014
0.0079996
0
0
0
0.0020012
0.0040004
0.0039998
0.0079996
0.0099998
0
0
0
0.0020008
0.0039994
0.006
0.0080024
0.005999
0
0
0
0
0.0039992
0.0040006
0.006
0.0060022
